62.65182
62.12111
62.14793
62.24567
61.84387
61.08786
61.64724
60.44718
61.64356
59.60943
62.07997
57.76325
63.39017
60.78424
62.30976
62.70192
59.18897
62.72374
61.51815
61.93843
62.35775
60.89633
57.00316
61.55491
61.87268
60.94091
63.26253
59.20277
61.11295
61.2574
61.78748
62.52013
62.67852
58.85996
60.71543
58.54934
63.60048
59.50307
59.84769
63.22039
61.60106
61.56179
60.36695
62.5889
61.32349
61.53316
61.96783
61.6395
58.26938
61.44169
62.4169
58.64613
61.82737
61.19654
61.88648
62.52167
61.55901
61.9558
62.45298
61.91458
59.13741
60.08089
58.10365
63.22361
63.30422
58.94931
62.21673
61.17507
61.50063
63.02402
61.66194
63.10972
60.10751
57.82358
63.13776
61.52025
61.72798
60.10095
60.79841
61.96318
58.89745
61.40458
60.22449
61.10859
61.47614
61.09818
61.87266
61.07064
61.50033
61.75209
60.18609
63.21635
61.33339
62.05884
62.26466
60.92884
60.86613
60.49243
62.8533
59.90479
