56.03804
57.11501
55.23488
56.43694
55.5765
56.27426
57.12498
56.23525
56.66333
55.07045
55.80523
54.12148
56.60045
54.44586
55.67318
56.21327
53.05015
54.83462
52.72321
54.61467
55.25867
52.51291
54.74323
54.72008
55.13002
55.37542
56.81429
55.24097
55.79694
53.78264
56.65346
55.66192
55.89405
53.31834
55.64363
56.31735
56.25666
54.31059
55.76182
54.6678
56.1917
53.27639
55.86346
52.70994
56.56546
56.1989
56.35617
56.55995
56.37766
56.25782
55.08014
55.29675
55.07684
55.78572
56.80585
55.91849
56.05045
56.16904
55.97697
53.27171
53.74431
54.92419
53.48244
56.85306
55.29211
55.06447
56.22378
57.5736
56.2958
56.19289
55.82402
55.5435
54.95325
55.27383
56.38666
55.23498
55.92786
56.75457
56.46404
56.68882
54.11064
55.42745
56.08935
56.40899
54.06563
56.18787
55.40685
56.69767
55.81148
55.78763
56.23849
56.13015
53.08718
56.30969
53.44776
55.57246
55.91299
55.95441
56.66466
55.02359
