52.2347
51.76368
51.67164
51.84316
51.63467
51.68889
51.67492
51.6961
51.79357
51.71538
51.68173
51.70554
51.63246
51.69542
51.61025
51.50166
51.54918
51.55978
51.57363
51.61033
51.57233
51.59849
51.69507
51.80066
51.80875
51.78673
51.78152
51.67552
51.83594
51.92262
51.75001
51.79318
51.89691
51.73492
51.7755
51.88308
51.71813
51.79411
51.73786
51.54289
51.68886
51.87793
51.89376
51.70032
51.68153
51.82809
51.7455
51.59977
51.69712
51.76115
51.82481
51.70068
51.87765
51.75899
51.64656
51.74232
51.84194
51.75632
51.77219
51.94498
51.73035
51.82631
51.68723
51.91423
51.70839
51.54311
51.88401
51.88944
51.78578
51.77829
51.84984
51.76767
51.81932
51.74043
51.7724
51.83546
51.62058
51.88818
51.75916
51.67698
51.54656
51.81227
51.64784
51.69719
51.535
51.70796
51.75676
51.8696
51.72597
51.74516
51.77572
51.76441
51.59798
51.73231
51.81412
51.74823
51.62292
51.80415
51.83424
51.65728
